{
 "cells": [
  {
   "cell_type": "code",
   "execution_count": 1,
   "metadata": {},
   "outputs": [],
   "source": [
    "# importaciones necesarias\n",
    "import pprint\n",
    "import json\n",
    "import numpy as np\n",
    "import pandas as pd\n",
    "import matplotlib.pyplot as plt\n",
    "import ipywidgets\n",
    "from IPython.display import display, clear_output\n",
    "\n",
    "pd.set_option('display.precision',2)\n",
    "np.set_printoptions(precision=4,suppress=True)\n"
   ]
  },
  {
   "attachments": {},
   "cell_type": "markdown",
   "metadata": {},
   "source": [
    "# Método matricial de rigideces - Armaduras 2D"
   ]
  },
  {
   "attachments": {},
   "cell_type": "markdown",
   "metadata": {},
   "source": [
    "## Clases para el input de datos"
   ]
  },
  {
   "attachments": {},
   "cell_type": "markdown",
   "metadata": {},
   "source": [
    "### Creando el input para los vertices"
   ]
  },
  {
   "cell_type": "code",
   "execution_count": 2,
   "metadata": {},
   "outputs": [],
   "source": [
    "class Vertices:\n",
    "    def __init__(\n",
    "        self,\n",
    "        axis=None,\n",
    "    ):\n",
    "        if axis is None:\n",
    "            self.axis = [\"x\", \"y\"]\n",
    "        else:\n",
    "            self.axis = axis\n",
    "        self.data = {}\n",
    "        self.restrictedDOFs = 0\n",
    "        self.unrestrictedDOFs = 0\n",
    "        self.numberOfDOFs = 0\n",
    "\n",
    "    def add(self, name, coordinates, forces, displacements, isRestricted, springs =None):\n",
    "        # parametros por defecto\n",
    "        if springs is None:\n",
    "            springs = {\"x\": 0, \"y\": 0}\n",
    "\n",
    "        # validaciones\n",
    "        # verificar si el name ya existe\n",
    "        if name in self.data:\n",
    "            raise Exception(\n",
    "                \"El nodo ya existe! los nodos deben tener un nombtre único.\"\n",
    "            )\n",
    "\n",
    "        # verificar si los grados de libertad restringidos no\n",
    "        #  tengan una fuerza aplicada\n",
    "        for a in self.axis:\n",
    "            if isRestricted[a] and forces[a] != 0:\n",
    "                raise Exception(\n",
    "                    f\"El vertice {name} tiene el eje {a} restringido, por lo tanto, no puede tener una fuerza aplicada.\"\n",
    "                )\n",
    "            elif not (isRestricted[a]) and displacements[a] != 0:\n",
    "                raise Exception(\n",
    "                    f\"El vertice {name} tiene el eje {a} no restringido, por lo tanto, no puede tener un desplazamiento.\"\n",
    "                )\n",
    "\n",
    "        # verificar si un grado de libertad que posee un resorte, no este restringido\n",
    "\n",
    "        for a in self.axis:\n",
    "            # si el DOF tiene un resorte\n",
    "            if springs[a] != 0:\n",
    "                # debe estar restringido\n",
    "                if isRestricted[a]:\n",
    "                    raise Exception(\n",
    "                        f\"El vertice {name} en el eje {a} tiene un resorte y esta restringido, el grado de libertad no puede estar restringido, ya que de ser asi calculariamos la reacción, pero lo que queremos calcular en ese grado de libertad es el desplazamiento, con el que podras calcular la fuerza interna del resorte.\"\n",
    "                    )\n",
    "\n",
    "        for e in self.axis:\n",
    "            if isRestricted[e]:\n",
    "                self.restrictedDOFs += 1\n",
    "            else:\n",
    "                self.unrestrictedDOFs += 1\n",
    "            self.numberOfDOFs += 1\n",
    "\n",
    "        # agregamos el identificador unico para cada grado de libertad\n",
    "\n",
    "        DOF = {}\n",
    "\n",
    "        enumerator = len(self.data) * len(self.axis)\n",
    "\n",
    "        for index, e in enumerate(self.axis):\n",
    "            DOF[e] = enumerator + index\n",
    "\n",
    "        self.data[name] = {\n",
    "            \"coordinates\": coordinates,\n",
    "            \"forces\": forces,\n",
    "            \"displacements\": displacements,\n",
    "            \"isRestricted\": isRestricted,\n",
    "            \"DOF\": DOF,\n",
    "            \"springs\": springs\n",
    "        }\n",
    "\n",
    "    def getData(self):\n",
    "        return {\n",
    "            \"data\": self.data,\n",
    "            \"restrictedDOFs\": self.restrictedDOFs,\n",
    "            \"unrestrictedDOFs\": self.unrestrictedDOFs,\n",
    "            \"numberOfDOFs\": self.numberOfDOFs,\n",
    "            \"axis\": self.axis,\n",
    "        }\n"
   ]
  },
  {
   "attachments": {},
   "cell_type": "markdown",
   "metadata": {},
   "source": [
    "### Creando el input de los edges:"
   ]
  },
  {
   "cell_type": "code",
   "execution_count": 3,
   "metadata": {},
   "outputs": [],
   "source": [
    "class Edges:\n",
    "    def __init__(self, vertices) -> None:\n",
    "        self.data = {}\n",
    "        self.vertices = vertices\n",
    "        self.verticesData = vertices[\"data\"]\n",
    "\n",
    "    def add(self, name, vertexFrom, vertexTo, area, elasticidad):\n",
    "        # validaciones\n",
    "        # verificamos si el name ya existe:\n",
    "        if name in self.data:\n",
    "            raise Exception(\n",
    "                \"El nodo ya existe! los nodos deben tener un nombtre único.\"\n",
    "            )\n",
    "        # verificamos si el nombre del vertice que viene es valido\n",
    "        if vertexFrom not in self.verticesData:\n",
    "            raise Exception(\n",
    "                \"El nombre del vertice del que viene, es incorrecto! verifica si este existe en los vertices.\"\n",
    "            )\n",
    "        # verificamos si el nombre del vertice al que va es valido\n",
    "        if vertexTo not in self.verticesData:\n",
    "            raise Exception(\n",
    "                \"El nombre del vertice al que va, es incorrecto! verifica si este existe en los vertices.\"\n",
    "            )\n",
    "\n",
    "        fromX = self.verticesData[vertexFrom][\"coordinates\"][\"x\"]\n",
    "        fromY = self.verticesData[vertexFrom][\"coordinates\"][\"y\"]\n",
    "\n",
    "        toY = self.verticesData[vertexTo][\"coordinates\"][\"y\"]\n",
    "        toX = self.verticesData[vertexTo][\"coordinates\"][\"x\"]\n",
    "\n",
    "        longitud = ((toX - fromX) ** 2 + (toY - fromY) ** 2) ** 0.5\n",
    "        rigidez = elasticidad * area / longitud\n",
    "\n",
    "        cos = (toX - fromX) / longitud\n",
    "        sin = (toY - fromY) / longitud\n",
    "\n",
    "        fromDOFx = self.verticesData[vertexFrom][\"DOF\"][\"x\"]\n",
    "        fromDOFy = self.verticesData[vertexFrom][\"DOF\"][\"y\"]\n",
    "        toDOFx = self.verticesData[vertexTo][\"DOF\"][\"x\"]\n",
    "        toDOFy = self.verticesData[vertexTo][\"DOF\"][\"y\"]\n",
    "\n",
    "        tableDOF = [\n",
    "            fromDOFx,\n",
    "            fromDOFy,\n",
    "            toDOFx,\n",
    "            toDOFy,\n",
    "        ]\n",
    "\n",
    "        self.data[name] = {\n",
    "            \"name\": name,\n",
    "            \"area\": area,\n",
    "            \"elasticidad\": elasticidad,\n",
    "            \"longitud\": longitud,\n",
    "            \"rigidez\": rigidez,\n",
    "            \"cos\": cos,\n",
    "            \"sin\": sin,\n",
    "            \"tableDOF\": tableDOF,\n",
    "            \"coordinates\": {\"xi\": fromX, \"xj\": toX , \"yi\": fromY , \"yj\": toY},\n",
    "        }\n",
    "\n",
    "    def getData(self):\n",
    "        return {\"edges\": self.data, \"vertices\": self.vertices}\n"
   ]
  },
  {
   "attachments": {},
   "cell_type": "markdown",
   "metadata": {},
   "source": [
    "## Input de datos"
   ]
  },
  {
   "attachments": {},
   "cell_type": "markdown",
   "metadata": {},
   "source": [
    "### Vertices"
   ]
  },
  {
   "cell_type": "code",
   "execution_count": 4,
   "metadata": {},
   "outputs": [
    {
     "name": "stdout",
     "output_type": "stream",
     "text": [
      "{'axis': ['x', 'y'],\n",
      " 'data': {'v1': {'DOF': {'x': 0, 'y': 1},\n",
      "                 'coordinates': {'x': 0, 'y': 0},\n",
      "                 'displacements': {'x': 0, 'y': 0},\n",
      "                 'forces': {'x': 0, 'y': 0},\n",
      "                 'isRestricted': {'x': True, 'y': True},\n",
      "                 'springs': {'x': 0, 'y': 0}},\n",
      "          'v2': {'DOF': {'x': 2, 'y': 3},\n",
      "                 'coordinates': {'x': 20, 'y': 0},\n",
      "                 'displacements': {'x': 0, 'y': 0},\n",
      "                 'forces': {'x': 0, 'y': -60},\n",
      "                 'isRestricted': {'x': False, 'y': False},\n",
      "                 'springs': {'x': 0, 'y': 0}},\n",
      "          'v3': {'DOF': {'x': 4, 'y': 5},\n",
      "                 'coordinates': {'x': 40, 'y': 0},\n",
      "                 'displacements': {'x': 0, 'y': 0},\n",
      "                 'forces': {'x': 0, 'y': 0},\n",
      "                 'isRestricted': {'x': False, 'y': True},\n",
      "                 'springs': {'x': 0, 'y': 0}},\n",
      "          'v4': {'DOF': {'x': 6, 'y': 7},\n",
      "                 'coordinates': {'x': 60, 'y': 0},\n",
      "                 'displacements': {'x': 0, 'y': 0},\n",
      "                 'forces': {'x': 0, 'y': 0},\n",
      "                 'isRestricted': {'x': False, 'y': False},\n",
      "                 'springs': {'x': 0, 'y': 0}},\n",
      "          'v5': {'DOF': {'x': 8, 'y': 9},\n",
      "                 'coordinates': {'x': 80, 'y': 0},\n",
      "                 'displacements': {'x': 0, 'y': 0},\n",
      "                 'forces': {'x': 0, 'y': 0},\n",
      "                 'isRestricted': {'x': False, 'y': True},\n",
      "                 'springs': {'x': 0, 'y': 0}},\n",
      "          'v6': {'DOF': {'x': 10, 'y': 11},\n",
      "                 'coordinates': {'x': 20, 'y': 10},\n",
      "                 'displacements': {'x': 0, 'y': 0},\n",
      "                 'forces': {'x': 0, 'y': -40},\n",
      "                 'isRestricted': {'x': False, 'y': False},\n",
      "                 'springs': {'x': 0, 'y': 0}},\n",
      "          'v7': {'DOF': {'x': 12, 'y': 13},\n",
      "                 'coordinates': {'x': 40, 'y': 20},\n",
      "                 'displacements': {'x': 0, 'y': 0},\n",
      "                 'forces': {'x': -10, 'y': -50},\n",
      "                 'isRestricted': {'x': False, 'y': False},\n",
      "                 'springs': {'x': 0, 'y': 0}},\n",
      "          'v8': {'DOF': {'x': 14, 'y': 15},\n",
      "                 'coordinates': {'x': 60, 'y': 10},\n",
      "                 'displacements': {'x': 0, 'y': 0},\n",
      "                 'forces': {'x': 0, 'y': -60},\n",
      "                 'isRestricted': {'x': False, 'y': False},\n",
      "                 'springs': {'x': 0, 'y': 0}}},\n",
      " 'numberOfDOFs': 16,\n",
      " 'restrictedDOFs': 4,\n",
      " 'unrestrictedDOFs': 12}\n"
     ]
    }
   ],
   "source": [
    "verticesInstance = Vertices([\"x\", \"y\"])\n",
    "\n",
    "verticesInstance.add(\n",
    "    name=\"v1\",\n",
    "    coordinates={\"x\": 0, \"y\": 0},\n",
    "    forces={\"x\": 0, \"y\": 0},\n",
    "    displacements={\"x\": 0, \"y\": 0},\n",
    "    isRestricted={\"x\": True, \"y\": True},\n",
    ")\n",
    "verticesInstance.add(\n",
    "    name=\"v2\",\n",
    "    coordinates={\"x\": 20, \"y\": 0},\n",
    "    forces={\"x\": 0, \"y\": -60},\n",
    "    displacements={\"x\": 0, \"y\": 0},\n",
    "    isRestricted={\"x\": False, \"y\": False},\n",
    ")\n",
    "verticesInstance.add(\n",
    "    name=\"v3\",\n",
    "    coordinates={\"x\": 40, \"y\": 0},\n",
    "    forces={\"x\": 0, \"y\": 0},\n",
    "    displacements={\"x\": 0, \"y\": 0},\n",
    "    isRestricted={\"x\": False, \"y\": True},\n",
    ")\n",
    "verticesInstance.add(\n",
    "    name=\"v4\",\n",
    "    coordinates={\"x\": 60, \"y\": 0},\n",
    "    forces={\"x\": 0, \"y\": 0},\n",
    "    displacements={\"x\": 0, \"y\": 0},\n",
    "    isRestricted={\"x\": False, \"y\": False},\n",
    ")\n",
    "verticesInstance.add(\n",
    "    name=\"v5\",\n",
    "    coordinates={\"x\": 80, \"y\": 0},\n",
    "    forces={\"x\": 0, \"y\": 0},\n",
    "    displacements={\"x\": 0, \"y\": 0},\n",
    "    isRestricted={\"x\": False, \"y\": True},\n",
    ")\n",
    "verticesInstance.add(\n",
    "    name=\"v6\",\n",
    "    coordinates={\"x\": 20, \"y\": 10},\n",
    "    forces={\"x\": 0, \"y\": -40},\n",
    "    displacements={\"x\": 0, \"y\": 0},\n",
    "    isRestricted={\"x\": False, \"y\": False},\n",
    ")\n",
    "verticesInstance.add(\n",
    "    name=\"v7\",\n",
    "    coordinates={\"x\": 40, \"y\": 20},\n",
    "    forces={\"x\":-10, \"y\": -50},\n",
    "    displacements={\"x\": 0, \"y\": 0},\n",
    "    isRestricted={\"x\": False, \"y\": False},\n",
    ")\n",
    "verticesInstance.add(\n",
    "    name=\"v8\",\n",
    "    coordinates={\"x\": 60, \"y\": 10},\n",
    "    forces={\"x\": 0, \"y\": -60},\n",
    "    displacements={\"x\": 0, \"y\": 0},\n",
    "    isRestricted={\"x\": False, \"y\": False},\n",
    ")\n",
    "\n",
    "\n",
    "dataVertices=verticesInstance.getData()\n",
    "pprint.pprint(dataVertices)"
   ]
  },
  {
   "attachments": {},
   "cell_type": "markdown",
   "metadata": {},
   "source": [
    "### Edges"
   ]
  },
  {
   "cell_type": "code",
   "execution_count": 5,
   "metadata": {},
   "outputs": [
    {
     "name": "stdout",
     "output_type": "stream",
     "text": [
      "{'e1': {'area': 1,\n",
      "        'coordinates': {'xi': 0, 'xj': 20, 'yi': 0, 'yj': 0},\n",
      "        'cos': 1.0,\n",
      "        'elasticidad': 10000000,\n",
      "        'longitud': 20.0,\n",
      "        'name': 'e1',\n",
      "        'rigidez': 500000.0,\n",
      "        'sin': 0.0,\n",
      "        'tableDOF': [0, 1, 2, 3]},\n",
      " 'e10': {'area': 1,\n",
      "         'coordinates': {'xi': 80, 'xj': 60, 'yi': 0, 'yj': 10},\n",
      "         'cos': -0.8944271909999159,\n",
      "         'elasticidad': 10000000,\n",
      "         'longitud': 22.360679774997898,\n",
      "         'name': 'e10',\n",
      "         'rigidez': 447213.5954999579,\n",
      "         'sin': 0.4472135954999579,\n",
      "         'tableDOF': [8, 9, 14, 15]},\n",
      " 'e11': {'area': 1,\n",
      "         'coordinates': {'xi': 20, 'xj': 40, 'yi': 10, 'yj': 20},\n",
      "         'cos': 0.8944271909999159,\n",
      "         'elasticidad': 10000000,\n",
      "         'longitud': 22.360679774997898,\n",
      "         'name': 'e11',\n",
      "         'rigidez': 447213.5954999579,\n",
      "         'sin': 0.4472135954999579,\n",
      "         'tableDOF': [10, 11, 12, 13]},\n",
      " 'e12': {'area': 1,\n",
      "         'coordinates': {'xi': 40, 'xj': 60, 'yi': 20, 'yj': 10},\n",
      "         'cos': 0.8944271909999159,\n",
      "         'elasticidad': 10000000,\n",
      "         'longitud': 22.360679774997898,\n",
      "         'name': 'e12',\n",
      "         'rigidez': 447213.5954999579,\n",
      "         'sin': -0.4472135954999579,\n",
      "         'tableDOF': [12, 13, 14, 15]},\n",
      " 'e2': {'area': 1,\n",
      "        'coordinates': {'xi': 20, 'xj': 40, 'yi': 0, 'yj': 0},\n",
      "        'cos': 1.0,\n",
      "        'elasticidad': 10000000,\n",
      "        'longitud': 20.0,\n",
      "        'name': 'e2',\n",
      "        'rigidez': 500000.0,\n",
      "        'sin': 0.0,\n",
      "        'tableDOF': [2, 3, 4, 5]},\n",
      " 'e3': {'area': 1,\n",
      "        'coordinates': {'xi': 40, 'xj': 60, 'yi': 0, 'yj': 0},\n",
      "        'cos': 1.0,\n",
      "        'elasticidad': 10000000,\n",
      "        'longitud': 20.0,\n",
      "        'name': 'e3',\n",
      "        'rigidez': 500000.0,\n",
      "        'sin': 0.0,\n",
      "        'tableDOF': [4, 5, 6, 7]},\n",
      " 'e4': {'area': 1,\n",
      "        'coordinates': {'xi': 60, 'xj': 80, 'yi': 0, 'yj': 0},\n",
      "        'cos': 1.0,\n",
      "        'elasticidad': 10000000,\n",
      "        'longitud': 20.0,\n",
      "        'name': 'e4',\n",
      "        'rigidez': 500000.0,\n",
      "        'sin': 0.0,\n",
      "        'tableDOF': [6, 7, 8, 9]},\n",
      " 'e5': {'area': 1,\n",
      "        'coordinates': {'xi': 0, 'xj': 20, 'yi': 0, 'yj': 10},\n",
      "        'cos': 0.8944271909999159,\n",
      "        'elasticidad': 10000000,\n",
      "        'longitud': 22.360679774997898,\n",
      "        'name': 'e5',\n",
      "        'rigidez': 447213.5954999579,\n",
      "        'sin': 0.4472135954999579,\n",
      "        'tableDOF': [0, 1, 10, 11]},\n",
      " 'e6': {'area': 1,\n",
      "        'coordinates': {'xi': 20, 'xj': 20, 'yi': 0, 'yj': 10},\n",
      "        'cos': 0.0,\n",
      "        'elasticidad': 10000000,\n",
      "        'longitud': 10.0,\n",
      "        'name': 'e6',\n",
      "        'rigidez': 1000000.0,\n",
      "        'sin': 1.0,\n",
      "        'tableDOF': [2, 3, 10, 11]},\n",
      " 'e7': {'area': 1,\n",
      "        'coordinates': {'xi': 40, 'xj': 20, 'yi': 0, 'yj': 10},\n",
      "        'cos': -0.8944271909999159,\n",
      "        'elasticidad': 10000000,\n",
      "        'longitud': 22.360679774997898,\n",
      "        'name': 'e7',\n",
      "        'rigidez': 447213.5954999579,\n",
      "        'sin': 0.4472135954999579,\n",
      "        'tableDOF': [4, 5, 10, 11]},\n",
      " 'e8': {'area': 1,\n",
      "        'coordinates': {'xi': 40, 'xj': 60, 'yi': 0, 'yj': 10},\n",
      "        'cos': 0.8944271909999159,\n",
      "        'elasticidad': 10000000,\n",
      "        'longitud': 22.360679774997898,\n",
      "        'name': 'e8',\n",
      "        'rigidez': 447213.5954999579,\n",
      "        'sin': 0.4472135954999579,\n",
      "        'tableDOF': [4, 5, 14, 15]},\n",
      " 'e9': {'area': 1,\n",
      "        'coordinates': {'xi': 60, 'xj': 60, 'yi': 0, 'yj': 10},\n",
      "        'cos': 0.0,\n",
      "        'elasticidad': 10000000,\n",
      "        'longitud': 10.0,\n",
      "        'name': 'e9',\n",
      "        'rigidez': 1000000.0,\n",
      "        'sin': 1.0,\n",
      "        'tableDOF': [6, 7, 14, 15]}}\n"
     ]
    }
   ],
   "source": [
    "edgesInstance = Edges(dataVertices)\n",
    "areaConstante=1\n",
    "elasticidadConstante=1*10**7\n",
    "\n",
    "edgesInstance.add(\n",
    "    name=\"e1\",\n",
    "    vertexFrom=\"v1\",\n",
    "    vertexTo=\"v2\",\n",
    "    area=areaConstante,\n",
    "    elasticidad=elasticidadConstante,\n",
    ")\n",
    "edgesInstance.add(\n",
    "    name=\"e2\",\n",
    "    vertexFrom=\"v2\",\n",
    "    vertexTo=\"v3\",\n",
    "    area=areaConstante,\n",
    "    elasticidad=elasticidadConstante,\n",
    ")\n",
    "edgesInstance.add(\n",
    "    name=\"e3\",\n",
    "    vertexFrom=\"v3\",\n",
    "    vertexTo=\"v4\",\n",
    "    area=areaConstante,\n",
    "    elasticidad=elasticidadConstante,\n",
    ")\n",
    "edgesInstance.add(\n",
    "    name=\"e4\",\n",
    "    vertexFrom=\"v4\",\n",
    "    vertexTo=\"v5\",\n",
    "    area=areaConstante,\n",
    "    elasticidad=elasticidadConstante,\n",
    ")\n",
    "edgesInstance.add(\n",
    "    name=\"e5\",\n",
    "    vertexFrom=\"v1\",\n",
    "    vertexTo=\"v6\",\n",
    "    area=areaConstante,\n",
    "    elasticidad=elasticidadConstante,\n",
    ")\n",
    "edgesInstance.add(\n",
    "    name=\"e6\",\n",
    "    vertexFrom=\"v2\",\n",
    "    vertexTo=\"v6\",\n",
    "    area=areaConstante,\n",
    "    elasticidad=elasticidadConstante,\n",
    ")\n",
    "edgesInstance.add(\n",
    "    name=\"e7\",\n",
    "    vertexFrom=\"v3\",\n",
    "    vertexTo=\"v6\",\n",
    "    area=areaConstante,\n",
    "    elasticidad=elasticidadConstante,\n",
    ")\n",
    "edgesInstance.add(\n",
    "    name=\"e8\",\n",
    "    vertexFrom=\"v3\",\n",
    "    vertexTo=\"v8\",\n",
    "    area=areaConstante,\n",
    "    elasticidad=elasticidadConstante,\n",
    ")\n",
    "edgesInstance.add(\n",
    "    name=\"e9\",\n",
    "    vertexFrom=\"v4\",\n",
    "    vertexTo=\"v8\",\n",
    "    area=areaConstante,\n",
    "    elasticidad=elasticidadConstante,\n",
    ")\n",
    "edgesInstance.add(\n",
    "    name=\"e10\",\n",
    "    vertexFrom=\"v5\",\n",
    "    vertexTo=\"v8\",\n",
    "    area=areaConstante,\n",
    "    elasticidad=elasticidadConstante,\n",
    ")\n",
    "edgesInstance.add(\n",
    "    name=\"e11\",\n",
    "    vertexFrom=\"v6\",\n",
    "    vertexTo=\"v7\",\n",
    "    area=areaConstante,\n",
    "    elasticidad=elasticidadConstante,\n",
    ")\n",
    "edgesInstance.add(\n",
    "    name=\"e12\",\n",
    "    vertexFrom=\"v7\",\n",
    "    vertexTo=\"v8\",\n",
    "    area=areaConstante,\n",
    "    elasticidad=elasticidadConstante,\n",
    ")\n",
    "\n",
    "\n",
    "\n",
    "dataEdgesFullData = edgesInstance.getData()\n",
    "dataEdges = edgesInstance.getData()['edges']\n",
    "\n",
    "pprint.pprint(dataEdges)\n"
   ]
  },
  {
   "attachments": {},
   "cell_type": "markdown",
   "metadata": {},
   "source": [
    "## Esquema del ejercicio:"
   ]
  },
  {
   "cell_type": "code",
   "execution_count": 6,
   "metadata": {},
   "outputs": [
    {
     "data": {
      "application/vnd.jupyter.widget-view+json": {
       "model_id": "cf9b4a3d4de84850af3cf2c50aef96de",
       "version_major": 2,
       "version_minor": 0
      },
      "text/plain": [
       "interactive(children=(FloatSlider(value=0.5, description='headWidth', max=1.0), FloatSlider(value=0.5, descrip…"
      ]
     },
     "metadata": {},
     "output_type": "display_data"
    }
   ],
   "source": [
    "def graph(headWidth, headLength, lengthArrow, textOffset, fontsize):\n",
    "    esquema = plt.figure()\n",
    "    axes = esquema.add_axes([0.1, 0.1, 3, 3])\n",
    "    esquema.gca().set_aspect('equal',adjustable='box')\n",
    "\n",
    "    for key, value in dataEdges.items():\n",
    "        xi = value[\"coordinates\"][\"xi\"]\n",
    "        yi = value[\"coordinates\"][\"yi\"]\n",
    "        xj = value[\"coordinates\"][\"xj\"]\n",
    "        yj = value[\"coordinates\"][\"yj\"]\n",
    "        axes.plot([xi, xj], [yi, yj], \"b\")\n",
    "    for key, value in dataVertices[\"data\"].items():\n",
    "        x = value[\"coordinates\"][\"x\"]\n",
    "        y = value[\"coordinates\"][\"y\"]\n",
    "        axes.plot([x], [y], \"bo\")\n",
    "\n",
    "        for axis in dataVertices[\"axis\"]:\n",
    "            force = value[\"forces\"][axis]\n",
    "            # solo imprimir los no restringidos\n",
    "            # y solo si el valor es mayor que 0.1\n",
    "            if abs(force) > 0.01 and value[\"isRestricted\"][axis] == False:\n",
    "                # fuerzas positivas\n",
    "                if force > 0:\n",
    "                    if axis == \"x\":\n",
    "                        xOffset = x - (lengthArrow + headLength)\n",
    "                        yOffset = y \n",
    "                        plt.arrow(\n",
    "                            x,\n",
    "                            y,\n",
    "                            lengthArrow,\n",
    "                            0,\n",
    "                            head_width=headWidth,\n",
    "                            head_length=headLength,\n",
    "                            color=\"black\",\n",
    "                        )\n",
    "                        axes.text(\n",
    "                            x + (lengthArrow + headLength) / 2,\n",
    "                            y - textOffset,\n",
    "                            str(force),\n",
    "                            color=\"green\",\n",
    "                            fontsize=fontsize,\n",
    "                        )\n",
    "                    elif axis == \"y\":\n",
    "                        xOffset = x\n",
    "                        yOffset = y - (lengthArrow + headLength)\n",
    "                        plt.arrow(\n",
    "                            x,\n",
    "                            y,\n",
    "                            0,\n",
    "                            lengthArrow,\n",
    "                            head_width=headWidth,\n",
    "                            head_length=headLength,\n",
    "                            color=\"black\",\n",
    "                        )\n",
    "                        axes.text(\n",
    "                            x + textOffset,\n",
    "                            y + (lengthArrow + headLength) / 2,\n",
    "                            str(force),\n",
    "                            color=\"green\",\n",
    "                            fontsize=fontsize,\n",
    "                        )\n",
    "                # fuerzas negativas\n",
    "                else:\n",
    "                    if axis == \"x\":\n",
    "                        xOffset = x - (lengthArrow + headLength)\n",
    "                        yOffset = y \n",
    "                        plt.arrow(\n",
    "                            xOffset,\n",
    "                            y,\n",
    "                            lengthArrow,\n",
    "                            0,\n",
    "                            head_width=headWidth,\n",
    "                            head_length=headLength,\n",
    "                            color=\"black\",\n",
    "                        )\n",
    "                        axes.text(\n",
    "                            x - (lengthArrow + headLength) / 2,\n",
    "                            y - textOffset,\n",
    "                            str(force),\n",
    "                            color=\"green\",\n",
    "                            fontsize=fontsize,\n",
    "                        )\n",
    "                    elif axis == \"y\":\n",
    "                        xOffset = x\n",
    "                        yOffset = y + (lengthArrow + headLength)\n",
    "                        plt.arrow(\n",
    "                            x,\n",
    "                            yOffset,\n",
    "                            0,\n",
    "                            -lengthArrow,\n",
    "                            head_width=headWidth,\n",
    "                            head_length=headLength,\n",
    "                            color=\"black\",\n",
    "                        )\n",
    "                        axes.text(\n",
    "                            x + textOffset,\n",
    "                            y + (lengthArrow + headLength) / 2,\n",
    "                            str(force),\n",
    "                            color=\"green\",\n",
    "                            fontsize=fontsize,\n",
    "                        )\n",
    "\n",
    "    axes.set_xlabel(\"Distance (m)\")\n",
    "    axes.set_ylabel(\"Distance (m)\")\n",
    "    axes.set_title(\"Structure to analyse\")\n",
    "    axes.grid()\n",
    "    plt.show()\n",
    "\n",
    "\n",
    "_ = ipywidgets.interact(\n",
    "    graph,\n",
    "    headWidth=(0.0, 1.0, 0.1),\n",
    "    headLength=(0.0, 1.0, 0.1),\n",
    "    lengthArrow=(0.0, 2.0, 0.1),\n",
    "    \n",
    "    textOffset=(0.0, 2.0, 0.1),\n",
    "    fontsize=(8, 42, 1),\n",
    ")\n"
   ]
  },
  {
   "attachments": {},
   "cell_type": "markdown",
   "metadata": {},
   "source": [
    "## Logica para las armaduras"
   ]
  },
  {
   "attachments": {},
   "cell_type": "markdown",
   "metadata": {},
   "source": [
    "### Generando matrices locales de rigideces"
   ]
  },
  {
   "cell_type": "code",
   "execution_count": 7,
   "metadata": {},
   "outputs": [
    {
     "name": "stdout",
     "output_type": "stream",
     "text": [
      "\n",
      " Matrices locales de rigidez del elemento e1 \n",
      "\n",
      "\n",
      " Matriz local de rigideces en coordenadas locales sin el factor EA: \n",
      "\n",
      "[[ 0.05 -0.05]\n",
      " [-0.05  0.05]]\n",
      "\n",
      " Matriz local de rigideces en coordenadas locales con el factor EA: \n",
      "\n",
      "[[ 500000. -500000.]\n",
      " [-500000.  500000.]]\n",
      "\n",
      " Matriz local de rigideces en coordenadas globales sin el factor EA: \n",
      "\n",
      "[[ 0.05  0.   -0.05  0.  ]\n",
      " [ 0.    0.    0.    0.  ]\n",
      " [-0.05  0.    0.05  0.  ]\n",
      " [ 0.    0.    0.    0.  ]]\n",
      "\n",
      " Matriz local de rigideces en coordenadas globales sin el factor EA: \n",
      "\n",
      "[[ 500000.       0. -500000.       0.]\n",
      " [      0.       0.       0.       0.]\n",
      " [-500000.       0.  500000.       0.]\n",
      " [      0.       0.       0.       0.]]\n",
      "\n",
      " Matrices locales de rigidez del elemento e2 \n",
      "\n",
      "\n",
      " Matriz local de rigideces en coordenadas locales sin el factor EA: \n",
      "\n",
      "[[ 0.05 -0.05]\n",
      " [-0.05  0.05]]\n",
      "\n",
      " Matriz local de rigideces en coordenadas locales con el factor EA: \n",
      "\n",
      "[[ 500000. -500000.]\n",
      " [-500000.  500000.]]\n",
      "\n",
      " Matriz local de rigideces en coordenadas globales sin el factor EA: \n",
      "\n",
      "[[ 0.05  0.   -0.05  0.  ]\n",
      " [ 0.    0.    0.    0.  ]\n",
      " [-0.05  0.    0.05  0.  ]\n",
      " [ 0.    0.    0.    0.  ]]\n",
      "\n",
      " Matriz local de rigideces en coordenadas globales sin el factor EA: \n",
      "\n",
      "[[ 500000.       0. -500000.       0.]\n",
      " [      0.       0.       0.       0.]\n",
      " [-500000.       0.  500000.       0.]\n",
      " [      0.       0.       0.       0.]]\n",
      "\n",
      " Matrices locales de rigidez del elemento e3 \n",
      "\n",
      "\n",
      " Matriz local de rigideces en coordenadas locales sin el factor EA: \n",
      "\n",
      "[[ 0.05 -0.05]\n",
      " [-0.05  0.05]]\n",
      "\n",
      " Matriz local de rigideces en coordenadas locales con el factor EA: \n",
      "\n",
      "[[ 500000. -500000.]\n",
      " [-500000.  500000.]]\n",
      "\n",
      " Matriz local de rigideces en coordenadas globales sin el factor EA: \n",
      "\n",
      "[[ 0.05  0.   -0.05  0.  ]\n",
      " [ 0.    0.    0.    0.  ]\n",
      " [-0.05  0.    0.05  0.  ]\n",
      " [ 0.    0.    0.    0.  ]]\n",
      "\n",
      " Matriz local de rigideces en coordenadas globales sin el factor EA: \n",
      "\n",
      "[[ 500000.       0. -500000.       0.]\n",
      " [      0.       0.       0.       0.]\n",
      " [-500000.       0.  500000.       0.]\n",
      " [      0.       0.       0.       0.]]\n",
      "\n",
      " Matrices locales de rigidez del elemento e4 \n",
      "\n",
      "\n",
      " Matriz local de rigideces en coordenadas locales sin el factor EA: \n",
      "\n",
      "[[ 0.05 -0.05]\n",
      " [-0.05  0.05]]\n",
      "\n",
      " Matriz local de rigideces en coordenadas locales con el factor EA: \n",
      "\n",
      "[[ 500000. -500000.]\n",
      " [-500000.  500000.]]\n",
      "\n",
      " Matriz local de rigideces en coordenadas globales sin el factor EA: \n",
      "\n",
      "[[ 0.05  0.   -0.05  0.  ]\n",
      " [ 0.    0.    0.    0.  ]\n",
      " [-0.05  0.    0.05  0.  ]\n",
      " [ 0.    0.    0.    0.  ]]\n",
      "\n",
      " Matriz local de rigideces en coordenadas globales sin el factor EA: \n",
      "\n",
      "[[ 500000.       0. -500000.       0.]\n",
      " [      0.       0.       0.       0.]\n",
      " [-500000.       0.  500000.       0.]\n",
      " [      0.       0.       0.       0.]]\n",
      "\n",
      " Matrices locales de rigidez del elemento e5 \n",
      "\n",
      "\n",
      " Matriz local de rigideces en coordenadas locales sin el factor EA: \n",
      "\n",
      "[[ 0.0447 -0.0447]\n",
      " [-0.0447  0.0447]]\n",
      "\n",
      " Matriz local de rigideces en coordenadas locales con el factor EA: \n",
      "\n",
      "[[ 447213.5955 -447213.5955]\n",
      " [-447213.5955  447213.5955]]\n",
      "\n",
      " Matriz local de rigideces en coordenadas globales sin el factor EA: \n",
      "\n",
      "[[ 0.0358  0.0179 -0.0358 -0.0179]\n",
      " [ 0.0179  0.0089 -0.0179 -0.0089]\n",
      " [-0.0358 -0.0179  0.0358  0.0179]\n",
      " [-0.0179 -0.0089  0.0179  0.0089]]\n",
      "\n",
      " Matriz local de rigideces en coordenadas globales sin el factor EA: \n",
      "\n",
      "[[ 357770.8764  178885.4382 -357770.8764 -178885.4382]\n",
      " [ 178885.4382   89442.7191 -178885.4382  -89442.7191]\n",
      " [-357770.8764 -178885.4382  357770.8764  178885.4382]\n",
      " [-178885.4382  -89442.7191  178885.4382   89442.7191]]\n",
      "\n",
      " Matrices locales de rigidez del elemento e6 \n",
      "\n",
      "\n",
      " Matriz local de rigideces en coordenadas locales sin el factor EA: \n",
      "\n",
      "[[ 0.1 -0.1]\n",
      " [-0.1  0.1]]\n",
      "\n",
      " Matriz local de rigideces en coordenadas locales con el factor EA: \n",
      "\n",
      "[[ 1000000. -1000000.]\n",
      " [-1000000.  1000000.]]\n",
      "\n",
      " Matriz local de rigideces en coordenadas globales sin el factor EA: \n",
      "\n",
      "[[ 0.   0.   0.   0. ]\n",
      " [ 0.   0.1  0.  -0.1]\n",
      " [ 0.   0.   0.   0. ]\n",
      " [ 0.  -0.1  0.   0.1]]\n",
      "\n",
      " Matriz local de rigideces en coordenadas globales sin el factor EA: \n",
      "\n",
      "[[       0.        0.        0.        0.]\n",
      " [       0.  1000000.        0. -1000000.]\n",
      " [       0.        0.        0.        0.]\n",
      " [       0. -1000000.        0.  1000000.]]\n",
      "\n",
      " Matrices locales de rigidez del elemento e7 \n",
      "\n",
      "\n",
      " Matriz local de rigideces en coordenadas locales sin el factor EA: \n",
      "\n",
      "[[ 0.0447 -0.0447]\n",
      " [-0.0447  0.0447]]\n",
      "\n",
      " Matriz local de rigideces en coordenadas locales con el factor EA: \n",
      "\n",
      "[[ 447213.5955 -447213.5955]\n",
      " [-447213.5955  447213.5955]]\n",
      "\n",
      " Matriz local de rigideces en coordenadas globales sin el factor EA: \n",
      "\n",
      "[[ 0.0358 -0.0179 -0.0358  0.0179]\n",
      " [-0.0179  0.0089  0.0179 -0.0089]\n",
      " [-0.0358  0.0179  0.0358 -0.0179]\n",
      " [ 0.0179 -0.0089 -0.0179  0.0089]]\n",
      "\n",
      " Matriz local de rigideces en coordenadas globales sin el factor EA: \n",
      "\n",
      "[[ 357770.8764 -178885.4382 -357770.8764  178885.4382]\n",
      " [-178885.4382   89442.7191  178885.4382  -89442.7191]\n",
      " [-357770.8764  178885.4382  357770.8764 -178885.4382]\n",
      " [ 178885.4382  -89442.7191 -178885.4382   89442.7191]]\n",
      "\n",
      " Matrices locales de rigidez del elemento e8 \n",
      "\n",
      "\n",
      " Matriz local de rigideces en coordenadas locales sin el factor EA: \n",
      "\n",
      "[[ 0.0447 -0.0447]\n",
      " [-0.0447  0.0447]]\n",
      "\n",
      " Matriz local de rigideces en coordenadas locales con el factor EA: \n",
      "\n",
      "[[ 447213.5955 -447213.5955]\n",
      " [-447213.5955  447213.5955]]\n",
      "\n",
      " Matriz local de rigideces en coordenadas globales sin el factor EA: \n",
      "\n",
      "[[ 0.0358  0.0179 -0.0358 -0.0179]\n",
      " [ 0.0179  0.0089 -0.0179 -0.0089]\n",
      " [-0.0358 -0.0179  0.0358  0.0179]\n",
      " [-0.0179 -0.0089  0.0179  0.0089]]\n",
      "\n",
      " Matriz local de rigideces en coordenadas globales sin el factor EA: \n",
      "\n",
      "[[ 357770.8764  178885.4382 -357770.8764 -178885.4382]\n",
      " [ 178885.4382   89442.7191 -178885.4382  -89442.7191]\n",
      " [-357770.8764 -178885.4382  357770.8764  178885.4382]\n",
      " [-178885.4382  -89442.7191  178885.4382   89442.7191]]\n",
      "\n",
      " Matrices locales de rigidez del elemento e9 \n",
      "\n",
      "\n",
      " Matriz local de rigideces en coordenadas locales sin el factor EA: \n",
      "\n",
      "[[ 0.1 -0.1]\n",
      " [-0.1  0.1]]\n",
      "\n",
      " Matriz local de rigideces en coordenadas locales con el factor EA: \n",
      "\n",
      "[[ 1000000. -1000000.]\n",
      " [-1000000.  1000000.]]\n",
      "\n",
      " Matriz local de rigideces en coordenadas globales sin el factor EA: \n",
      "\n",
      "[[ 0.   0.   0.   0. ]\n",
      " [ 0.   0.1  0.  -0.1]\n",
      " [ 0.   0.   0.   0. ]\n",
      " [ 0.  -0.1  0.   0.1]]\n",
      "\n",
      " Matriz local de rigideces en coordenadas globales sin el factor EA: \n",
      "\n",
      "[[       0.        0.        0.        0.]\n",
      " [       0.  1000000.        0. -1000000.]\n",
      " [       0.        0.        0.        0.]\n",
      " [       0. -1000000.        0.  1000000.]]\n",
      "\n",
      " Matrices locales de rigidez del elemento e10 \n",
      "\n",
      "\n",
      " Matriz local de rigideces en coordenadas locales sin el factor EA: \n",
      "\n",
      "[[ 0.0447 -0.0447]\n",
      " [-0.0447  0.0447]]\n",
      "\n",
      " Matriz local de rigideces en coordenadas locales con el factor EA: \n",
      "\n",
      "[[ 447213.5955 -447213.5955]\n",
      " [-447213.5955  447213.5955]]\n",
      "\n",
      " Matriz local de rigideces en coordenadas globales sin el factor EA: \n",
      "\n",
      "[[ 0.0358 -0.0179 -0.0358  0.0179]\n",
      " [-0.0179  0.0089  0.0179 -0.0089]\n",
      " [-0.0358  0.0179  0.0358 -0.0179]\n",
      " [ 0.0179 -0.0089 -0.0179  0.0089]]\n",
      "\n",
      " Matriz local de rigideces en coordenadas globales sin el factor EA: \n",
      "\n",
      "[[ 357770.8764 -178885.4382 -357770.8764  178885.4382]\n",
      " [-178885.4382   89442.7191  178885.4382  -89442.7191]\n",
      " [-357770.8764  178885.4382  357770.8764 -178885.4382]\n",
      " [ 178885.4382  -89442.7191 -178885.4382   89442.7191]]\n",
      "\n",
      " Matrices locales de rigidez del elemento e11 \n",
      "\n",
      "\n",
      " Matriz local de rigideces en coordenadas locales sin el factor EA: \n",
      "\n",
      "[[ 0.0447 -0.0447]\n",
      " [-0.0447  0.0447]]\n",
      "\n",
      " Matriz local de rigideces en coordenadas locales con el factor EA: \n",
      "\n",
      "[[ 447213.5955 -447213.5955]\n",
      " [-447213.5955  447213.5955]]\n",
      "\n",
      " Matriz local de rigideces en coordenadas globales sin el factor EA: \n",
      "\n",
      "[[ 0.0358  0.0179 -0.0358 -0.0179]\n",
      " [ 0.0179  0.0089 -0.0179 -0.0089]\n",
      " [-0.0358 -0.0179  0.0358  0.0179]\n",
      " [-0.0179 -0.0089  0.0179  0.0089]]\n",
      "\n",
      " Matriz local de rigideces en coordenadas globales sin el factor EA: \n",
      "\n",
      "[[ 357770.8764  178885.4382 -357770.8764 -178885.4382]\n",
      " [ 178885.4382   89442.7191 -178885.4382  -89442.7191]\n",
      " [-357770.8764 -178885.4382  357770.8764  178885.4382]\n",
      " [-178885.4382  -89442.7191  178885.4382   89442.7191]]\n",
      "\n",
      " Matrices locales de rigidez del elemento e12 \n",
      "\n",
      "\n",
      " Matriz local de rigideces en coordenadas locales sin el factor EA: \n",
      "\n",
      "[[ 0.0447 -0.0447]\n",
      " [-0.0447  0.0447]]\n",
      "\n",
      " Matriz local de rigideces en coordenadas locales con el factor EA: \n",
      "\n",
      "[[ 447213.5955 -447213.5955]\n",
      " [-447213.5955  447213.5955]]\n",
      "\n",
      " Matriz local de rigideces en coordenadas globales sin el factor EA: \n",
      "\n",
